# Created by Octave 4.0.0, Tue Jan 10 10:01:35 2017 HKT <hypocrisy@hypocrisy>
# name: s
# type: matrix
# rows: 1
# columns: 3
 1 2 3


